0 0 input 
1 1 input_netFormat 
2 2 1 
3 3 3 
4 4 5 
5 5 7 
6 6 9 
7 7 11 
8 8 13 
9 9 14 
10 10 15 
11 11 17 
12 12 19 
13 13 21 
14 14 23 
15 15 25 
16 16 27 
17 17 28 
18 18 30 
19 19 32 
20 20 33 
21 21 35 
22 22 37 
23 23 38 
24 24 39 
25 25 41 
26 26 43 
27 27 45 
28 28 47 
29 29 49 
30 30 51 
31 31 52 
32 32 54 
33 33 56 
34 34 57 
35 35 59 
36 36 61 
37 37 62 
38 38 63 
39 39 65 
40 40 67 
41 41 69 
42 42 70 
43 43 71 
44 44 72 
45 45 73 
46 46 74 
47 47 75 
48 48 76 
49 49 78 
50 50 80 
51 51 82 
52 52 84 
53 53 86 
54 54 87 
55 55 89 
56 56 91 
57 57 93 
58 58 94 
59 59 96 
60 60 98 
61 61 100 
62 62 102 
63 63 103 
64 64 105 
65 65 107 
66 66 109 
67 67 110 
68 68 112 
69 69 114 
70 70 116 
71 71 118 
72 72 119 
73 73 121 
74 74 151 
75 75 157 
76 76 159 
77 77 164 
78 78 161 
79 79 163 
80 80 165 
81 81 166 
82 82 167 
83 83 123 
84 84 124 
85 85 126 
86 86 128 
87 87 130 
88 88 132 
89 89 133 
90 90 135 
91 91 153 
92 92 171 
93 93 173 
94 94 178 
95 95 175 
96 96 177 
97 97 179 
98 98 180 
99 99 181 
100 100 137 
101 101 138 
102 102 140 
103 103 142 
104 104 144 
105 105 146 
106 106 147 
107 107 149 
108 108 155 
109 109 184 
110 110 186 
111 111 191 
112 112 188 
113 113 190 
114 114 192 
115 115 193 
116 116 194 
117 117 dets_det 
118 118 dets 
119 119 labels 
120 0 input 
121 0 input 
